10.7404
10.0301
10.1921
9.89291
10.0301
10.1625
10.3108
10.1625
10.7404
10.7404
10.1625
9.74458
9.45224
10.1625
9.56041
10.3108
9.29208
10.0301
8.95595
9.74458
10.0183
9.10789
10.7404
10.0301
9.86992
10.1625
10.8887
10.0301
8.86748
9.49667
10.0301
10.7404
10.4329
10.2724
8.90864
8.54337
10.1625
9.16006
10.7404
10.1625
10.3108
10.7404
10.7404
9.72289
8.89582
9.45224
10.0183
6.72834
10.3108
9.45224
9.37135
9.21183
9.03917
7.03372
10.7404
9.73791
9.15965
8.16431
10.3108
9.74458
10.1625
9.26317
10.7404
6.26603
9.8551
7.53662
9.3139
8.93056
10.1625
9.72267
7.94921
10.1625
9.56251
9.24068
10.6886
10.0301
10.1625
8.97059
10.396
8.98257
7.81725
10.3108
8.97074
9.45224
7.24427
8.27456
9.97345
10.3108
9.56041
10.5443
9.47367
10.7404
9.84102
10.0865
10.3108
10.1625
10.2707
10.3671
9.15965
10.2707
9.15965
7.71238
10.7968
9.21606
10.7404
10.2707
10.0301
9.10789
8.1825
9.69284
9.49517
9.69284
9.23691
9.69284
10.3108
10.0301
9.15965
10.0865
8.64869
9.04415
10.1625
9.15965
7.60486
8.96749
6.41191
10.1625
10.1625
10.2707
8.36793
9.60429
10.0301
9.26317
10.1625
9.60057
9.40025
9.15965
10.1625
9.45224
6.17176
8.69065
9.253
10.7404
10.0301
10.1625
10.1481
9.29208
10.1625
9.27491
9.77421
8.65541
10.0301
9.73791
9.06964
7.38951
8.83831
10.1625
10.325
8.75974
9.49667
7.51846
10.396
9.15965
9.73727
10.0183
10.0301
9.77717
9.29355
9.69284
9.74458
10.3108
7.76899
9.86992
9.77717
10.2707
6.70884
9.69284
9.03408
9.45243
8.98257
10.0301
9.69284
10.2707
9.15965
10.0301
10.7404
9.57023
10.1625
10.0299
9.69284
10.6886
9.15965
5.68818
10.7404
10.1218
9.77743
10.1625
9.87034
8.98257
9.15965
8.76747
10.0816
9.45224
10.0301
10.1625
9.10301
10.4482
9.45224
10.6377
9.15965
9.40067
10.0183
9.14482
9.77908
5.73702
10.7404
7.6332
10.2707
10.0301
9.41151
10.7404
8.73485
10.7404
9.86992
9.22654
10.2707
10.0301
10.7404
10.7404
10.3108
8.76858
10.7404
8.8224
10.7404
10.0301
8.64869
10.8887
7.91545
10.1625
11.2664
9.21071
10.7404
9.15965
10.7404
10.7404
8.81636
7.51588
7.79008
10.4332
10.325
7.10848
10.1625
8.34127
9.69284
9.69284
9.72267
10.4482
8.98257
10.1625
9.92633
8.7935
9.26317
10.2707
9.15965
9.74458
10.0301
10.7404
9.22654
10.0183
10.959
10.0301
6.91965
10.3108
8.68998
9.74458
9.69609
9.40025
9.56041
8.26517
10.8887
9.47367
10.1625
9.74458
9.15965
9.81816
10.1784
10.4329
10.1625
10.1625
8.49898
9.16557
10.5562
9.69284
10.5562
10.0301
10.0301
10.1625
9.84102
10.9028
10.1218
9.45224
10.5513
6.41757
9.84117
10.7404
9.15965
9.45241
10.1625
10.1784
9.86992
10.1625
9.45224
9.86992
10.0301
9.86992
9.15965
10.0301
9.84102
9.68573
10.1625
9.56251
10.1625
10.0301
10.0301
8.63615
9.15965
9.69284
10.0301
10.7404
10.7404
10.7404
10.1625
10.0301
9.30798
10.0301
10.0301
9.68086
10.0865
10.0301
9.45224
10.7404
10.8887
10.0301
10.1625
10.1625
10.7404
10.5562
9.74458
10.7404
10.0301
10.7404
10.7404
10.0301
10.0301
10.8887
10.7404
10.0301
9.34849
